image_00000 220 265 246 290
image_00001 221 264 247 290
image_00002 221 266 247 291
image_00003 222 263 250 289
image_00004 220 262 247 289
image_00005 221 261 248 288
image_00006 220 261 249 288
image_00007 220 258 251 288
image_00008 220 259 251 292
image_00009 218 258 249 289
image_00010 216 258 252 292
image_00011 217 259 251 291
image_00012 215 257 250 294
image_00013 216 246 256 286
image_00014 216 243 260 287
image_00015 216 243 264 289
image_00016 216 241 267 291
image_00017 218 242 266 292
image_00018 216 241 268 293
image_00019 214 242 268 296
image_00020 215 244 269 296
image_00021 214 241 269 296
image_00022 214 242 268 299
image_00023 212 243 269 300
image_00024 214 242 269 299
image_00025 214 242 268 298
image_00026 212 243 269 301
image_00027 212 242 269 301
image_00028 211 242 269 300
image_00029 224 241 275 294
image_00030 222 242 276 295
image_00031 225 243 276 296
image_00032 228 241 280 292
image_00033 233 237 283 287
image_00034 234 239 284 288
image_00035 237 237 287 287
image_00036 237 238 288 289
image_00037 236 237 289 289
image_00038 236 239 289 289
image_00039 234 239 286 291
image_00040 238 242 282 288
image_00041 236 244 280 287
image_00042 237 240 282 287
image_00043 234 238 284 285
image_00044 235 237 281 283
image_00045 235 237 280 281
image_00046 236 237 281 282
image_00047 243 237 275 268
image_00048 246 239 276 267
image_00049 246 236 276 266
image_00050 248 238 275 263
image_00051 251 241 275 263
image_00052 253 240 276 263
image_00053 255 241 274 262
image_00054 252 241 272 261
image_00055 254 241 272 261
image_00056 256 244 273 259
image_00057 254 242 271 260
image_00058 255 241 271 258
image_00059 257 239 273 255
image_00060 256 241 271 256
image_00061 256 241 271 255
image_00062 255 240 268 253
image_00063 253 241 268 255
